[gd_scene load_steps=11 format=2]

[ext_resource path="res://SandboxScenes/Timo.gd" type="Script" id=1]
[ext_resource path="res://Actors/Robo.tscn" type="PackedScene" id=2]
[ext_resource path="res://Actors/Ball.tscn" type="PackedScene" id=3]
[ext_resource path="res://Systems/FollowCamera.tscn" type="PackedScene" id=4]
[ext_resource path="res://Actors/Player.tscn" type="PackedScene" id=5]
[ext_resource path="res://Actors/Pellet.tscn" type="PackedScene" id=6]
[ext_resource path="res://Systems/GameArea.tscn" type="PackedScene" id=7]

[sub_resource type="SpatialMaterial" id=1]
albedo_color = Color( 0.462745, 0.482353, 0.482353, 1 )

[sub_resource type="PlaneMesh" id=2]
material = SubResource( 1 )
size = Vector2( 50, 50 )

[sub_resource type="BoxShape" id=3]
extents = Vector3( 25, 1, 25 )

[node name="TimoSandbox" type="Spatial"]
script = ExtResource( 1 )

[node name="Output" type="Label" parent="."]
margin_left = 5.0
margin_top = 5.0
margin_right = 600.0
margin_bottom = 600.0
custom_colors/font_color = Color( 0, 0, 0, 1 )
text = "Debug Output"
__meta__ = {
"_edit_use_anchors_": false
}

[node name="FollowCamera" parent="." instance=ExtResource( 4 )]
transform = Transform( 1, 0, 0, 0, 0.819152, 0.573577, 0, -0.573577, 0.819152, 0, 4.66397, 17.3711 )
target_node = NodePath("../../TimoSandbox/Player")

[node name="DirectionalLight" type="DirectionalLight" parent="."]
transform = Transform( 1, 0, 0, 0, 0.707107, 0.707107, 0, -0.707107, 0.707107, 0, 14.9921, 12.5608 )
light_color = Color( 0.980392, 0.980392, 0.941176, 1 )
light_energy = 0.5
light_indirect_energy = 0.5
shadow_enabled = true

[node name="Floor" type="StaticBody" parent="."]

[node name="Plane" type="MeshInstance" parent="Floor"]
mesh = SubResource( 2 )
material/0 = null

[node name="CollisionShape" type="CollisionShape" parent="Floor"]
transform = Transform( 1, 0, 0, 0, 1, 0, 0, 0, 1, 0, -1, 0 )
shape = SubResource( 3 )

[node name="Ball" parent="." instance=ExtResource( 3 )]
transform = Transform( 1, 0, 0, 0, 1, 0, 0, 0, 1, 0, 6.16667, -6.16068 )

[node name="Player" parent="." instance=ExtResource( 5 )]
transform = Transform( 1, 0, 0, 0, 1, 0, 0, 0, 1, 0, 1, 9.63 )

[node name="Pellet" parent="." instance=ExtResource( 6 )]
transform = Transform( 1, 0, 0, 0, 1, 0, 0, 0, 1, 2.99292, 6.22486, -10.8736 )

[node name="Robo" parent="." instance=ExtResource( 2 )]
transform = Transform( 0.880692, 0, 0.473689, 0, 1, 0, -0.473689, 0, 0.880692, -7.32532, 0, -4.92065 )
pellet_scene = ExtResource( 6 )

[node name="pupupeli8" parent="." instance=ExtResource( 7 )]
transform = Transform( 1, 0, 0, 0, 1, 0, 0, 0, 1, 0, 1.6626, 0 )
