[gd_scene load_steps=8 format=2]

[ext_resource path="res://Actors/Player.tscn" type="PackedScene" id=1]
[ext_resource path="res://Actors/Ball.tscn" type="PackedScene" id=2]
[ext_resource path="res://Actors/Robo.tscn" type="PackedScene" id=3]
[ext_resource path="res://Systems/FollowCamera.tscn" type="PackedScene" id=4]

[sub_resource type="SpatialMaterial" id=1]
albedo_color = Color( 0.462745, 0.482353, 0.482353, 1 )

[sub_resource type="PlaneMesh" id=2]
material = SubResource( 1 )
size = Vector2( 50, 50 )

[sub_resource type="BoxShape" id=3]
extents = Vector3( 25, 1, 25 )

[node name="Play" type="Spatial"]

[node name="DirectionalLight" type="DirectionalLight" parent="."]
transform = Transform( 1, 0, 0, 0, 0.707107, 0.707107, 0, -0.707107, 0.707107, 0, 14.9921, 12.5608 )
light_color = Color( 0.980392, 0.980392, 0.941176, 1 )
light_energy = 0.5
light_indirect_energy = 0.5
shadow_enabled = true

[node name="Floor" type="StaticBody" parent="."]

[node name="Plane" type="MeshInstance" parent="Floor"]
mesh = SubResource( 2 )
material/0 = null

[node name="CollisionShape" type="CollisionShape" parent="Floor"]
transform = Transform( 1, 0, 0, 0, 1, 0, 0, 0, 1, 0, -1, 0 )
shape = SubResource( 3 )

[node name="Player" parent="." instance=ExtResource( 1 )]
transform = Transform( 1, 0, 0, 0, 1, 0, 0, 0, 1, 0, 1, 8.304 )

[node name="Robo" parent="." instance=ExtResource( 3 )]
transform = Transform( 0.565356, 0, 0.824847, 0, 1, 0, -0.824847, 0, 0.565356, -12.5564, 0, 0 )

[node name="Ball" parent="." instance=ExtResource( 2 )]
transform = Transform( 1, 0, 0, 0, 1, 0, 0, 0, 1, 0, 3.21796, -4.10866 )

[node name="FollowCamera" parent="." instance=ExtResource( 4 )]
transform = Transform( 1, 0, 0, 0, 0.819152, 0.573577, 0, -0.573577, 0.819152, 0, 6.27128, 15.186 )
target_node = NodePath("../Player")
